
We want to add 2 x 2-bit numbers:

C1 = Carry_IN
C2 = Carry_OUT

         C1
      A1 A0     <-- 2-bit number A
  +   B1 B0     <-- 2-bit number B
 ----------
   C2 S1 S0     <-- Sum of number A and B


Truth Table:

C1  B1 B0 + A1 A0 = C2 S1 S0    Dec
--  -- --   -- --   -- -- --    ---
0   0  0    0  0  = 0  0  0      0
0   0  0    0  1  = 0  0  1      1
0   0  0    1  0  = 0  1  0      2
0   0  0    1  1  = 0  1  1      3
  
0   0  1    0  0  = 0  0  1      1
0   0  1    0  1  = 0  1  0      2
0   0  1    1  0  = 0  1  1      3
0   0  1    1  1  = 1  0  0      4
  
0   1  0    0  0  = 0  0  1      2
0   1  0    0  1  = 0  1  1      3
0   1  0    1  0  = 1  0  0      4
0   1  0    1  1  = 1  0  1      5
  
0   1  1    0  0  = 0  1  1      3
0   1  1    0  1  = 1  0  0      4
0   1  1    1  0  = 1  0  1      5
0   1  1    1  1  = 1  1  0      6

C1  B1 B0 + A1 A0 = C2 S1 S0       
--  -- --   -- --   -- -- --
1   0  0    0  0  = 0  0  1      1
1   0  0    0  1  = 0  1  0      2
1   0  0    1  0  = 0  1  1      3
1   0  0    1  1  = 1  0  0      4
  
1   0  1    0  0  = 0  1  0      2
1   0  1    0  1  = 0  1  1      3
1   0  1    1  0  = 1  0  0      4
1   0  1    1  1  = 1  0  1      5
  
1   1  0    0  0  = 0  1  1      3
1   1  0    0  1  = 1  0  0      4
1   1  0    1  0  = 1  0  1      5
1   1  0    1  1  = 1  1  0      6
  
1   1  1    0  0  = 1  0  0      4
1   1  1    0  1  = 1  0  1      5
1   1  1    1  0  = 1  1  0      6
1   1  1    1  1  = 1  1  1      7

